300 1081
638
27
1067
551
928
28
228
100
121
245
954
74
609
787
775
247
561
583
115
766
96
63
87
583
186
436
1011
719
500
266
121
784
336
148
59
1038
76
693
660
379
270
235
775
1065
523
455
127
814
834
779
444
329
995
1037
202
803
507
804
582
267
25
930
847
435
568
801
921
725
904
168
73
735
349
1032
290
339
312
652
1074
492
191
1036
143
623
677
975
527
86
631
382
598
218
574
816
203
701
849
216
1073
482
885
104
213
133
981
318
867
906
490
395
166
664
984
1001
153
194
145
397
540
292
605
664
440
277
684
475
881
624
966
941
991
852
973
900
787
149
964
224
513
1056
729
618
87
595
164
383
218
434
574
726
106
553
141
706
728
563
754
621
960
99
435
183
767
499
403
6
470
311
180
987
365
105
465
394
57
473
86
1044
708
856
68
372
699
453
711
976
613
668
3
33
398
283
130
545
1052
863
66
441
560
257
609
133
426
216
49
36
432
194
882
991
798
577
480
883
535
768
205
249
954
935
252
224
1032
214
586
30
286
157
1022
387
583
144
1055
859
587
184
342
429
204
170
589
320
1033
413
596
1062
517
1033
777
129
265
165
318
772
87
530
856
216
35
451
182
755
590
239
1001
339
957
639
955
927
981
519
420
1076
14
854
853
686
858
86
320
525
996
347
609
404
313
223
736
242
266
517
706
932
279
923
947
474
855
264
